1,2
2,3
3,4
4,4
5,5
6,7
7,8
8,9
9,10
10,11
11,13
12,15
13,17
14,20
15,22
16,23
17,25
18,26
19,28
20,31
21,33
22,37
23,38
24,41
25,45
26,49
27,51
28,54
29,57
30,61
31,66
32,69
33,74
34,79
35,86
36,89
37,95
38,99
39,105
40,107
41,109
42,111
43,115
44,117
45,123
46,129
47,137
48,143
49,150
50,153
51,162
52,165
53,173
54,182
55,189
56,198
57,205
58,212
59,217
60,229
61,235
62,247
63,253
64,260
65,269
66,275
67,281
68,295
69,306
70,316
71,327
72,334
73,344
74,351
75,360
76,375
77,381
78,391
79,400
80,409
81,415
82,426
83,435
84,449
85,466
86,472
87,487
88,509
89,530
90,539
91,554
92,565
93,577
94,585
95,606
96,622
97,644
98,659
99,684
100,700
101,720
102,740
103,761
104,776
105,792
106,805
107,819
108,837
109,853
110,866
111,884
112,904
113,928
114,950
115,973
116,984
117,1001
118,1020
119,1034
120,1058
121,1080
122,1101
123,1126
124,1144
125,1172
126,1189
127,1210
128,1231
129,1255
130,1281
131,1304
132,1326
133,1343
134,1365
135,1382
136,1393
137,1416
138,1436
139,1450
140,1473
141,1493
142,1519
143,1539
144,1558
145,1581
146,1606
147,1626
148,1658
149,1679
150,1705
151,1729
152,1754
153,1770
154,1794
155,1818
156,1839
157,1864
158,1885
159,1909
160,1934
161,1961
162,1983
163,2006
164,2039
165,2070
166,2100
167,2135
168,2160
169,2192
170,2225
171,2256
172,2284
173,2312
174,2338
175,2368
176,2389
177,2415
178,2449
179,2472
180,2505
181,2526
182,2567
183,2611
184,2643
185,2673
186,2698
187,2725
188,2766
189,2804
190,2834
191,2868
192,2902
193,2934
194,2962
195,2989
196,3022
197,3044
198,3069
199,3094
200,3128
201,3151
202,3188
203,3225
204,3265
205,3301
206,3349
207,3388
208,3431
209,3472
210,3509
211,3561
212,3604
213,3651
214,3697
215,3729
216,3779
217,3821
218,3877
219,3911
220,3951
221,3993
222,4028
223,4066
224,4107
225,4167
226,4213
227,4257
228,4308
229,4352
230,4397
231,4430
232,4459
233,4487
234,4535
235,4579
236,4620
237,4673
238,4720
239,4769
240,4818
241,4860
242,4916
243,4960
244,5013
245,5053
246,5097
247,5149
248,5204
249,5248
250,5292
251,5330
252,5380
253,5418
254,5458
255,5490
256,5540
257,5589
258,5637
259,5685
260,5728
261,5775
262,5826
263,5874
264,5910
265,5968
266,6026
267,6069
268,6105
269,6154
270,6196
271,6237
272,6283
273,6320
274,6359
275,6401
276,6441
277,6478
278,6523
279,6558
280,6593
281,6629
282,6669
283,6697
284,6734
285,6765
286,6801
287,6835
288,6856
289,6880
290,6909
291,6925
292,6950
293,6982
294,7008
295,7025
296,7051
297,7075
298,7102
299,7124
300,7144
301,7162
302,7179
303,7195
304,7224
305,7250
306,7271
307,7291
308,7303
309,7321
310,7338
311,7354
312,7367
313,7374
314,7390
315,7397
316,7409
317,7423
318,7434
319,7447
320,7458
321,7470
322,7481
323,7493
324,7512
325,7528
326,7553
327,7565
328,7577
329,7594
330,7607
331,7614
332,7637
333,7648
334,7660
335,7672
336,7685
337,7698
338,7727
339,7741
340,7759
341,7769
342,7777
343,7786
344,7793
345,7802
346,7811
347,7818
348,7823
349,7830
350,7840
1,2
2,3
3,4
4,5
5,6
6,7
7,7
8,8
9,11
10,17
11,18
12,20
13,23
14,25
15,27
16,30
17,32
18,37
19,39
20,43
21,44
22,50
23,54
24,59
25,64
26,71
27,75
28,83
29,85
30,91
31,93
32,96
33,105
34,108
35,118
36,120
37,126
38,131
39,138
40,142
41,148
42,153
43,158
44,163
45,170
46,178
47,184
48,193
49,199
50,208
51,215
52,223
53,231
54,248
55,258
56,264
57,272
58,281
59,291
60,307
61,314
62,324
63,337
64,356
65,362
66,377
67,398
68,405
69,410
70,422
71,430
72,440
73,456
74,466
75,481
76,491
77,502
78,518
79,530
80,541
81,550
82,566
83,584
84,593
85,603
86,611
87,624
88,633
89,648
90,657
91,676
92,685
93,690
94,708
95,724
96,737
97,753
98,770
99,794
100,812
101,835
102,849
103,866
104,878
105,894
106,912
107,937
108,958
109,976
110,989
111,1007
112,1031
113,1049
114,1072
115,1098
116,1117
117,1142
118,1159
119,1178
120,1204
121,1233
122,1253
123,1283
124,1310
125,1335
126,1358
127,1383
128,1393
129,1425
130,1457
131,1487
132,1508
133,1528
134,1559
135,1583
136,1610
137,1636
138,1663
139,1689
140,1721
141,1741
142,1762
143,1791
144,1810
145,1833
146,1858
147,1885
148,1907
149,1924
150,1960
151,1993
152,2023
153,2056
154,2076
155,2104
156,2131
157,2152
158,2181
159,2206
160,2232
161,2255
162,2289
163,2310
164,2336
165,2358
166,2389
167,2413
168,2439
169,2464
170,2494
171,2523
172,2540
173,2573
174,2607
175,2632
176,2661
177,2683
178,2719
179,2748
180,2786
181,2824
182,2857
183,2893
184,2923
185,2961
186,2993
187,3034
188,3069
189,3105
190,3133
191,3158
192,3189
193,3226
194,3258
195,3288
196,3320
197,3360
198,3393
199,3437
200,3491
201,3534
202,3580
203,3621
204,3666
205,3706
206,3735
207,3783
208,3818
209,3854
210,3890
211,3925
212,3969
213,4018
214,4059
215,4091
216,4129
217,4182
218,4226
219,4268
220,4308
221,4336
222,4363
223,4390
224,4428
225,4469
226,4524
227,4558
228,4609
229,4643
230,4681
231,4717
232,4772
233,4833
234,4880
235,4918
236,4960
237,5014
238,5069
239,5114
240,5158
241,5215
242,5264
243,5311
244,5359
245,5402
246,5446
247,5503
248,5540
249,5595
250,5633
251,5666
252,5701
253,5748
254,5789
255,5822
256,5859
257,5890
258,5933
259,5963
260,6001
261,6035
262,6065
263,6087
264,6127
265,6154
266,6199
267,6224
268,6259
269,6300
270,6342
271,6367
272,6397
273,6429
274,6468
275,6497
276,6517
277,6551
278,6577
279,6615
280,6657
281,6687
282,6715
283,6742
284,6769
285,6798
286,6831
287,6862
288,6887
289,6913
290,6934
291,6962
292,6999
293,7028
294,7058
295,7076
296,7103
297,7133
298,7161
299,7182
300,7208
301,7235
302,7256
303,7280
304,7307
305,7327
306,7345
307,7363
308,7381
309,7394
310,7404
311,7421
312,7435
313,7459
314,7479
315,7501
316,7523
317,7539
318,7559
319,7577
320,7591
321,7614
322,7635
323,7650
324,7662
325,7678
326,7692
327,7710
328,7724
329,7740
330,7758
331,7768
332,7774
333,7785
334,7794
335,7808
336,7816
337,7824
338,7836
339,7844
340,7852
341,7856
342,7861
343,7863
344,7870
345,7874
346,7879
347,7882
348,7886
349,7891
350,7895
1,2
2,2
3,2
4,2
5,2
6,2
7,2
8,2
9,2
10,2
11,2
12,2
13,2
14,2
15,2
16,2
17,2
18,3
19,3
20,3
21,3
22,3
23,4
24,4
25,4
26,5
27,7
28,8
29,9
30,9
31,10
32,14
33,16
34,17
35,19
36,21
37,22
38,25
39,25
40,25
41,30
42,35
43,38
44,43
45,45
46,51
47,56
48,59
49,68
50,73
51,73
52,78
53,83
54,85
55,89
56,98
57,98
58,104
59,111
60,114
61,116
62,120
63,121
64,125
65,131
66,141
67,146
68,151
69,158
70,166
71,171
72,179
73,186
74,194
75,203
76,209
77,217
78,226
79,233
80,245
81,252
82,261
83,268
84,278
85,286
86,296
87,304
88,320
89,335
90,350
91,373
92,388
93,406
94,430
95,437
96,449
97,459
98,465
99,478
100,494
101,515
102,532
103,542
104,558
105,575
106,590
107,606
108,619
109,633
110,646
111,666
112,680
113,690
114,705
115,720
116,727
117,746
118,762
119,786
120,800
121,815
122,836
123,855
124,875
125,899
126,921
127,941
128,962
129,978
130,1006
131,1032
132,1051
133,1065
134,1094
135,1121
136,1142
137,1159
138,1183
139,1216
140,1248
141,1276
142,1307
143,1330
144,1356
145,1377
146,1389
147,1409
148,1429
149,1443
150,1461
151,1492
152,1523
153,1548
154,1578
155,1608
156,1630
157,1646
158,1675
159,1698
160,1727
161,1751
162,1762
163,1789
164,1813
165,1831
166,1853
167,1891
168,1926
169,1952
170,1988
171,2020
172,2044
173,2072
174,2100
175,2128
176,2150
177,2179
178,2204
179,2233
180,2251
181,2274
182,2316
183,2347
184,2380
185,2407
186,2436
187,2471
188,2496
189,2531
190,2566
191,2602
192,2637
193,2662
194,2694
195,2733
196,2763
197,2807
198,2848
199,2888
200,2934
201,2964
202,2999
203,3031
204,3072
205,3104
206,3143
207,3183
208,3212
209,3245
210,3284
211,3318
212,3355
213,3397
214,3434
215,3472
216,3501
217,3543
218,3584
219,3625
220,3661
221,3696
222,3742
223,3789
224,3836
225,3878
226,3914
227,3955
228,3994
229,4029
230,4068
231,4102
232,4141
233,4179
234,4216
235,4249
236,4285
237,4315
238,4350
239,4391
240,4435
241,4470
242,4509
243,4554
244,4590
245,4636
246,4683
247,4730
248,4774
249,4823
250,4866
251,4908
252,4955
253,4994
254,5032
255,5080
256,5135
257,5191
258,5231
259,5269
260,5304
261,5347
262,5394
263,5440
264,5488
265,5540
266,5588
267,5646
268,5688
269,5725
270,5766
271,5817
272,5854
273,5896
274,5950
275,5997
276,6046
277,6099
278,6141
279,6178
280,6212
281,6238
282,6277
283,6320
284,6368
285,6406
286,6441
287,6487
288,6540
289,6568
290,6621
291,6661
292,6700
293,6738
294,6772
295,6806
296,6837
297,6875
298,6908
299,6942
300,6972
301,6999
302,7031
303,7055
304,7091
305,7121
306,7149
307,7172
308,7197
309,7225
310,7250
311,7283
312,7308
313,7321
314,7351
315,7365
316,7385
317,7407
318,7430
319,7444
320,7464
321,7484
322,7506
323,7520
324,7547
325,7575
326,7594
327,7618
328,7639
329,7656
330,7674
331,7688
332,7710
333,7725
334,7741
335,7758
336,7774
337,7789
338,7806
339,7816
340,7825
341,7838
342,7847
343,7859
344,7864
345,7875
346,7879
347,7885
348,7891
349,7894
350,7897
1,2
2,2
3,4
4,4
5,5
6,6
7,7
8,7
9,9
10,9
11,9
12,9
13,12
14,14
15,16
16,16
17,19
18,21
19,25
20,26
21,27
22,34
23,36
24,43
25,47
26,50
27,53
28,56
29,62
30,67
31,76
32,82
33,89
34,99
35,104
36,111
37,115
38,120
39,127
40,132
41,139
42,141
43,149
44,155
45,166
46,172
47,180
48,190
49,196
50,204
51,215
52,219
53,228
54,238
55,247
56,259
57,265
58,273
59,285
60,297
61,306
62,315
63,331
64,339
65,342
66,351
67,362
68,373
69,382
70,397
71,408
72,414
73,430
74,440
75,453
76,464
77,474
78,489
79,504
80,518
81,528
82,541
83,550
84,572
85,585
86,598
87,619
88,642
89,659
90,679
91,703
92,728
93,752
94,762
95,780
96,800
97,824
98,841
99,865
100,897
101,921
102,936
103,954
104,971
105,991
106,1032
107,1058
108,1090
109,1107
110,1129
111,1153
112,1176
113,1199
114,1224
115,1258
116,1278
117,1305
118,1335
119,1357
120,1373
121,1385
122,1402
123,1416
124,1429
125,1452
126,1476
127,1502
128,1526
129,1548
130,1578
131,1600
132,1621
133,1640
134,1667
135,1688
136,1707
137,1728
138,1757
139,1782
140,1809
141,1834
142,1855
143,1875
144,1894
145,1918
146,1941
147,1963
148,1992
149,2023
150,2050
151,2072
152,2090
153,2116
154,2143
155,2166
156,2189
157,2217
158,2246
159,2265
160,2292
161,2315
162,2352
163,2387
164,2418
165,2447
166,2466
167,2495
168,2523
169,2562
170,2590
171,2626
172,2651
173,2683
174,2716
175,2742
176,2778
177,2821
178,2861
179,2895
180,2924
181,2967
182,3005
183,3037
184,3066
185,3103
186,3145
187,3184
188,3216
189,3253
190,3280
191,3319
192,3361
193,3389
194,3434
195,3467
196,3510
197,3546
198,3583
199,3621
200,3662
201,3702
202,3732
203,3767
204,3819
205,3856
206,3894
207,3923
208,3975
209,4009
210,4055
211,4095
212,4139
213,4180
214,4230
215,4282
216,4322
217,4368
218,4408
219,4458
220,4499
221,4531
222,4563
223,4606
224,4652
225,4683
226,4722
227,4761
228,4798
229,4834
230,4879
231,4926
232,4967
233,5007
234,5053
235,5093
236,5145
237,5192
238,5246
239,5294
240,5348
241,5390
242,5430
243,5464
244,5501
245,5550
246,5607
247,5649
248,5688
249,5733
250,5773
251,5824
252,5866
253,5927
254,5984
255,6032
256,6069
257,6117
258,6159
259,6206
260,6251
261,6299
262,6347
263,6390
264,6434
265,6469
266,6506
267,6542
268,6573
269,6610
270,6640
271,6669
272,6697
273,6732
274,6772
275,6796
276,6823
277,6854
278,6884
279,6911
280,6933
281,6961
282,6980
283,7000
284,7018
285,7040
286,7059
287,7081
288,7103
289,7129
290,7155
291,7169
292,7185
293,7204
294,7233
295,7253
296,7269
297,7293
298,7319
299,7340
300,7360
301,7378
302,7396
303,7418
304,7434
305,7460
306,7487
307,7513
308,7529
309,7546
310,7562
311,7584
312,7599
313,7621
314,7632
315,7650
316,7664
317,7677
318,7694
319,7706
320,7728
321,7735
322,7750
323,7763
324,7772
325,7781
326,7796
327,7804
328,7815
329,7824
330,7832
331,7840
332,7847
333,7855
334,7861
335,7865
336,7866
337,7869
338,7875
339,7881
340,7881
341,7883
342,7887
343,7887
344,7889
345,7893
346,7895
347,7896
348,7897
