1,2
2,3
3,4
4,5
5,9
6,12
7,16
8,18
9,29
10,35
11,44
12,52
13,62
14,68
15,71
16,76
17,82
18,86
19,98
20,107
21,119
22,129
23,141
24,155
25,169
26,177
27,192
28,211
29,233
30,252
31,269
32,290
33,310
34,336
35,374
36,406
37,448
38,478
39,512
40,550
41,583
42,612
43,645
44,695
45,738
46,799
47,871
48,907
49,951
50,997
51,1040
52,1097
53,1150
54,1192
55,1229
56,1286
57,1333
58,1369
59,1406
60,1441
61,1502
62,1561
63,1628
64,1693
65,1747
66,1809
67,1860
68,1916
69,1974
70,2027
71,2077
72,2125
73,2198
74,2264
75,2312
76,2376
77,2441
78,2509
79,2582
80,2646
81,2710
82,2779
83,2850
84,2935
85,3011
86,3111
87,3199
88,3287
89,3381
90,3460
91,3579
92,3659
93,3748
94,3831
95,3928
96,4011
97,4107
98,4199
99,4300
100,4385
101,4462
102,4551
103,4671
104,4793
105,4911
106,5040
107,5132
108,5268
109,5410
110,5521
111,5633
112,5727
113,5833
114,5954
115,6065
116,6161
117,6247
118,6355
119,6448
120,6521
121,6576
122,6627
123,6708
124,6772
125,6827
126,6908
127,6977
128,7055
129,7122
130,7192
131,7255
132,7316
133,7367
134,7417
135,7458
136,7492
137,7533
138,7572
139,7627
140,7678
141,7717
142,7752
143,7774
144,7792
145,7813
146,7845
147,7870
148,7894
149,7915
150,7943
151,7955
152,7970
153,7982
154,7992
155,8006
156,8013
157,8018
158,8019
159,8021
160,8021
161,8021
162,8021
163,8021
164,8021
165,8021
166,8021
167,8021
168,8021
169,8021
170,8021
171,8021
172,8021
173,8021
174,8021
175,8021
176,8021
177,8021
178,8021
179,8021
180,8021
181,8021
182,8021
183,8021
184,8021
185,8021
186,8021
187,8021
188,8021
189,8021
190,8021
191,8021
192,8021
193,8021
194,8021
195,8021
196,8021
197,8021
198,8021
199,8021
200,8021
201,8021
202,8021
203,8021
204,8021
205,8021
206,8021
207,8021
208,8021
209,8021
210,8021
211,8021
212,8021
213,8021
214,8021
215,8021
216,8021
217,8021
218,8021
219,8021
220,8021
221,8021
222,8021
223,8021
224,8021
225,8021
226,8021
227,8021
228,8021
229,8021
230,8021
231,8021
232,8021
233,8021
234,8021
235,8021
236,8021
237,8021
238,8021
239,8021
240,8021
241,8021
242,8021
243,8021
244,8021
245,8021
246,8021
247,8021
248,8021
249,8021
250,8021
251,8021
252,8021
253,8021
254,8021
255,8021
256,8021
257,8021
258,8021
259,8021
260,8021
261,8021
262,8021
263,8021
264,8021
265,8021
266,8021
267,8021
268,8021
269,8021
270,8021
271,8021
272,8021
273,8021
274,8021
275,8021
276,8021
277,8021
278,8021
279,8021
280,8021
281,8021
282,8021
283,8021
284,8021
285,8021
286,8021
287,8021
288,8021
289,8021
290,8021
291,8021
292,8021
293,8021
294,8021
295,8021
296,8021
297,8021
298,8021
299,8021
300,8021
301,8021
302,8021
303,8021
304,8021
305,8021
306,8021
307,8021
308,8021
309,8021
310,8021
311,8021
312,8021
313,8021
314,8021
315,8021
316,8021
317,8021
318,8021
319,8021
320,8021
321,8021
322,8021
323,8021
324,8021
325,8021
326,8021
327,8021
328,8021
329,8021
330,8021
331,8021
332,8021
333,8021
334,8021
335,8021
336,8021
337,8021
338,8021
339,8021
340,8021
341,8021
342,8021
343,8021
344,8021
345,8021
346,8021
347,8021
348,8021
349,8021
350,8021
351,8021
352,8021
353,8021
354,8021
355,8021
356,8021
357,8021
358,8021
359,8021
360,8021
361,8021
362,8021
363,8021
364,8021
365,8021
366,8021
367,8021
368,8021
369,8021
370,8021
371,8021
372,8021
373,8021
374,8021
375,8021
376,8021
377,8021
378,8021
379,8021
380,8021
381,8021
382,8021
383,8021
384,8021
385,8021
386,8021
387,8021
388,8021
389,8021
390,8021
391,8021
392,8021
393,8021
394,8021
395,8021
396,8021
397,8021
398,8021
399,8021
400,8021
401,8021
402,8021
403,8021
404,8021
405,8021
406,8021
407,8021
408,8021
409,8021
410,8021
411,8021
412,8021
413,8021
414,8021
415,8021
416,8021
417,8021
418,8021
419,8021
420,8021
421,8021
422,8021
423,8021
424,8021
425,8021
426,8021
427,8021
428,8021
429,8021
430,8021
431,8021
432,8021
433,8021
434,8021
435,8021
436,8021
437,8021
438,8021
439,8021
440,8021
441,8021
442,8021
443,8021
444,8021
445,8021
446,8021
447,8021
448,8021
449,8021
450,8021
451,8021
452,8021
453,8021
454,8021
455,8021
456,8021
457,8021
458,8021
459,8021
460,8021
461,8021
462,8021
463,8021
464,8021
465,8021
466,8021
467,8021
468,8021
469,8021
470,8021
471,8021
472,8021
473,8021
474,8021
475,8021
476,8021
477,8021
478,8021
479,8021
480,8021
481,8021
482,8021
483,8021
484,8021
485,8021
486,8021
487,8021
488,8021
489,8021
490,8021
491,8021
492,8021
493,8021
494,8021
495,8021
496,8021
497,8021
498,8021
499,8021
500,8021
