1,2
2,3
3,6
4,11
5,17
6,27
7,38
8,42
9,47
10,59
11,73
12,82
13,97
14,108
15,121
16,142
17,154
18,182
19,204
20,218
21,234
22,264
23,281
24,301
25,317
26,335
27,357
28,379
29,411
30,430
31,459
32,505
33,555
34,589
35,617
36,642
37,680
38,712
39,752
40,794
41,839
42,870
43,917
44,965
45,1018
46,1075
47,1137
48,1178
49,1238
50,1295
51,1336
52,1394
53,1432
54,1507
55,1548
56,1611
57,1671
58,1734
59,1798
60,1850
61,1894
62,1960
63,2019
64,2084
65,2170
66,2231
67,2296
68,2349
69,2418
70,2499
71,2575
72,2652
73,2731
74,2796
75,2859
76,2933
77,3012
78,3081
79,3156
80,3249
81,3324
82,3390
83,3472
84,3543
85,3621
86,3708
87,3784
88,3868
89,3936
90,3999
91,4067
92,4136
93,4219
94,4304
95,4386
96,4480
97,4573
98,4661
99,4757
100,4850
101,4943
102,5037
103,5114
104,5240
105,5318
106,5434
107,5558
108,5667
109,5775
110,5863
111,5959
112,6031
113,6126
114,6212
115,6305
116,6412
117,6500
118,6598
119,6691
120,6761
121,6823
122,6904
123,6996
124,7066
125,7134
126,7181
127,7235
128,7298
129,7358
130,7427
131,7475
132,7531
133,7591
134,7624
135,7653
136,7681
137,7702
138,7715
139,7734
140,7757
141,7784
142,7810
143,7833
144,7850
145,7862
146,7880
147,7893
148,7906
149,7916
150,7925
151,7932
152,7941
153,7948
154,7960
155,7967
156,7979
157,7993
158,8015
159,8018
160,8020
161,8021
162,8023
163,8023
164,8023
165,8023
166,8023
167,8023
168,8023
169,8023
170,8023
171,8023
172,8023
173,8023
174,8023
175,8023
176,8023
177,8023
178,8023
179,8023
180,8023
181,8023
182,8023
183,8023
184,8023
185,8023
186,8023
187,8023
188,8023
189,8023
190,8023
191,8023
192,8023
193,8023
194,8023
195,8023
196,8023
197,8023
198,8023
199,8023
200,8023
201,8023
202,8023
203,8023
204,8023
205,8023
206,8023
207,8023
208,8023
209,8023
210,8023
211,8023
212,8023
213,8023
214,8023
215,8023
216,8023
217,8023
218,8023
219,8023
220,8023
221,8023
222,8023
223,8023
224,8023
225,8023
226,8023
227,8023
228,8023
229,8023
230,8023
231,8023
232,8023
233,8023
234,8023
235,8023
236,8023
237,8023
238,8023
239,8023
240,8023
241,8023
242,8023
243,8023
244,8023
245,8023
246,8023
247,8023
248,8023
249,8023
250,8023
251,8023
252,8023
253,8023
254,8023
255,8023
256,8023
257,8023
258,8023
259,8023
260,8023
261,8023
262,8023
263,8023
264,8023
265,8023
266,8023
267,8023
268,8023
269,8023
270,8023
271,8023
272,8023
273,8023
274,8023
275,8023
276,8023
277,8023
278,8023
279,8023
280,8023
281,8023
282,8023
283,8023
284,8023
285,8023
286,8023
287,8023
288,8023
289,8023
290,8023
291,8023
292,8023
293,8023
294,8023
295,8023
296,8023
297,8023
298,8023
299,8023
300,8023
301,8023
302,8023
303,8023
304,8023
305,8023
306,8023
307,8023
308,8023
309,8023
310,8023
311,8023
312,8023
313,8023
314,8023
315,8023
316,8023
317,8023
318,8023
319,8023
320,8023
321,8023
322,8023
323,8023
324,8023
325,8023
326,8023
327,8023
328,8023
329,8023
330,8023
331,8023
332,8023
333,8023
334,8023
335,8023
336,8023
337,8023
338,8023
339,8023
340,8023
341,8023
342,8023
343,8023
344,8023
345,8023
346,8023
347,8023
348,8023
349,8023
350,8023
351,8023
352,8023
353,8023
354,8023
355,8023
356,8023
357,8023
358,8023
359,8023
360,8023
361,8023
362,8023
363,8023
364,8023
365,8023
366,8023
367,8023
368,8023
369,8023
370,8023
371,8023
372,8023
373,8023
374,8023
375,8023
376,8023
377,8023
378,8023
379,8023
380,8023
381,8023
382,8023
383,8023
384,8023
385,8023
386,8023
387,8023
388,8023
389,8023
390,8023
391,8023
392,8023
393,8023
394,8023
395,8023
396,8023
397,8023
398,8023
399,8023
400,8023
401,8023
402,8023
403,8023
404,8023
405,8023
406,8023
407,8023
408,8023
409,8023
410,8023
411,8023
412,8023
413,8023
414,8023
415,8023
416,8023
417,8023
418,8023
419,8023
420,8023
421,8023
422,8023
423,8023
424,8023
425,8023
426,8023
427,8023
428,8023
429,8023
430,8023
431,8023
432,8023
433,8023
434,8023
435,8023
436,8023
437,8023
438,8023
439,8023
440,8023
441,8023
442,8023
443,8023
444,8023
445,8023
446,8023
447,8023
448,8023
449,8023
450,8023
451,8023
452,8023
453,8023
454,8023
455,8023
456,8023
457,8023
458,8023
459,8023
460,8023
461,8023
462,8023
463,8023
464,8023
465,8023
466,8023
467,8023
468,8023
469,8023
470,8023
471,8023
472,8023
473,8023
474,8023
475,8023
476,8023
477,8023
478,8023
479,8023
480,8023
481,8023
482,8023
483,8023
484,8023
485,8023
486,8023
487,8023
488,8023
489,8023
490,8023
491,8023
492,8023
493,8023
494,8023
495,8023
496,8023
497,8023
498,8023
499,8023
500,8023
